Trained Weight Matrix:
-0.042067 -0.0358141 -0.0858515 -0.0365536 -0.0727399 0.0143033 0.171282 0.118618 
0.044809 -0.0155164 0.0361868 -0.0325469 0.0254618 0.0654637 -0.0329447 -0.0292079 
0.13768 0.0627964 0.0916148 0.0499955 -0.00576937 -0.104697 -0.310855 -0.200156 
0.0904168 0.0504347 0.0579932 0.00213643 -0.0463822 -0.0221436 0.0706493 -0.0109173 
0.00681075 0.0118792 0.00388592 -0.0254863 -0.00373756 0.000418829 0.0044564 -0.0413736 
0.0813851 -0.0491082 0.0537911 0.0505277 0.036669 -0.0227748 -0.0212921 -0.098219 
0.00696721 -0.0251093 0.0612595 0.0550702 -0.0412591 -0.0264484 0.0264465 -0.0619094 
0.00668527 0.0800251 0.133058 0.212726 0.0693773 0.0626695 0.00448299 0.0333291 
Training Errors: 482 Error Rate: 0.344286
Test Errors: 273 Error Rate: 0.195
