Trained Weight Matrix:
-0.0873918 -0.109802 -0.168972 -0.119526 -0.127385 0.0077935 0.217998 0.223056 
0.0176866 -0.0239871 0.0545473 0.00675047 0.0716926 0.0925213 -0.0903315 -0.0936688 
0.187552 0.172055 0.241194 0.136092 -0.0368474 -0.263618 -0.533381 -0.339036 
0.145808 0.14842 0.144709 -0.01181 -0.128099 -0.128605 -0.0356686 -0.0668249 
0.0342247 0.0386431 0.018791 -0.0404811 -0.0217838 -0.0415202 -0.0690854 -0.138397 
0.13078 -0.0466635 0.0655263 0.0924956 0.073242 -0.0154401 -0.0787809 -0.211015 
0.0373895 -0.00653372 0.0845366 0.0757496 -0.0508026 -0.0735052 -0.0206534 -0.146511 
-0.0189523 0.0868979 0.136763 0.19719 0.0328979 0.0293872 -0.0417635 0.0123682 
Training Errors: 91 Error Rate: 0.065
Test Errors: 61 Error Rate: 0.0435714
