Trained Weight Matrix:
-0.80926 -0.936904 -1.21001 -0.882575 -1.07122 -0.188987 0.905191 1.49243 
0.259606 0.178185 0.327047 -0.239837 0.0372695 0.402014 -0.790544 -0.442576 
1.64688 1.06171 0.97713 0.469644 0.135123 -1.41302 -2.50798 -2.23835 
1.36408 0.736869 0.814989 -0.294171 -0.866629 -0.51684 0.14914 -0.160287 
0.273489 0.239363 0.0548818 -0.377986 -0.332952 -0.356934 -0.289384 -0.370191 
0.773005 -0.517282 0.235132 0.483903 0.333615 -0.250431 -0.125483 -1.12015 
0.309926 0.0365219 0.631778 0.550688 0.051517 -0.112398 0.340233 -0.895727 
-0.0729586 0.38579 0.554629 1.32773 0.423479 0.551802 -0.19043 -0.23744 
Training Errors: 55 Error Rate: 0
Training Errors: 39 Error Rate: 0
