::::::::::::::::::::::::::::::::
test5.in
::::::::::::::::::::::::::::::::
1.1 [8] 2 5 8 11 14 17 23 29
13:22:30-07 [1] 5
13:31:21-07 [1] 26
13:33:28-07 [1] 23
13:33:39-07 [1] 20
17:14:52-07 [1] 14
17:45:20-08 [1] 17
17:47:18-07 [1] 8
18:40:17-07 [1] 11
19:25:04-08 [2] 2 29
2007-04-24 [3] 20 23 26
2008-01-15 [1] 17
2008-10-16 [1] 14
2009-04-07 [1] 11
2009-10-13 [1] 8
2010-04-13 [1] 5
2013-01-24 [2] 2 29
7.1 [2] 20 26
Id [1] 29
Log [1] 1
Revision [9] 2 5 8 11 14 17 20 23 26
test5.in [2] 1 29
v [2] 1 29
